4294967294,0
4294967278,132
4294967278,131
4294967278,130
4294967278,129
4294967278,127
4294967278,255
4294967278,126
4294967278,357
4294967278,125
4294967278,124
4294967278,331
4294967278,123
4294967278,122
4294967278,121
4294967278,120
4294967278,119
4294967278,118
4294967278,117
4294967278,116
4294967278,115
4294967278,355
4294967278,114
4294967278,113
4294967278,235
4294967278,112
4294967278,233
4294967278,111
4294967278,110
4294967278,229
4294967278,109
4294967278,108
4294967278,107
4294967278,223
4294967278,106
4294967278,105
4294967278,104
4294967278,368
4294967278,103
4294967278,215
4294967278,102
4294967278,354
4294967278,101
4294967278,353
4294967278,100
4294967278,99
4294967278,329
4294967278,98
4294967278,97
4294967278,328
4294967278,96
4294967278,95
4294967278,94
4294967278,352
4294967278,93
4294967278,92
4294967278,91
4294967278,90
4294967278,89
4294967278,351
4294967278,87
4294967278,327
4294967278,86
4294967278,326
4294967278,85
4294967278,84
4294967278,325
4294967278,83
4294967278,82
4294967278,81
4294967278,80
4294967278,79
4294967278,348
4294967278,350
4294967278,78
4294967278,77
4294967278,76
4294967278,75
4294967278,74
4294967278,349
4294967278,73
4294967278,347
4294967278,72
4294967278,322
4294967278,71
4294967278,70
4294967278,321
4294967278,69
4294967278,68
4294967278,67
4294967278,66
4294967278,65
4294967278,0
4294967278,260
4294967278,346
4294967278,64
4294967278,63
4294967278,62
4294967278,61
4294967278,60
4294967278,59
4294967279,79
4294967279,76
4294967279,75
4294967279,73
4294967279,315
4294967279,68
4294967279,64
4294967279,60
4294967279,536
4294967279,59
4294967279,57
4294967279,54
4294967279,308
4294967279,52
4294967279,51
4294967279,292
4294967279,533
4294967279,49
4294967279,44
4294967279,41
4294967279,39
4294967279,38
4294967279,34
4294967279,33
4294967279,31
4294967279,29
4294967279,25
4294967279,23
4294967279,21
4294967279,19
4294967279,18
4294967279,15
4294967279,303
4294967279,14
4294967279,293
4294967279,546
4294967279,11
4294967279,565
4294967279,302
4294967279,9
4294967279,0
4294967279,528
4294967279,8
4294967279,7
4294967279,6
4294967279,5
4294967279,4
4294967278,337
4294967294,1015
4294967294,27
4294967294,93
4294967294,95
4294967294,17
4294967294,76
4294967294,43
4294967294,417
4294967294,51
4294967294,52
4294967294,25
4294967294,146
4294967294,26
0,5
4294967278,128
4294967278,358
4294967294,6
4294967294,142
4294967294,139
4294967294,133
4294967294,990
4294967294,989
4294967294,81
4294967294,83
4294967294,67
4294967294,14
4294967294,12
4294967294,68
4294967294,5
87,5
87,4
87,3
87,2
87,1
85,6
85,5
85,4
85,3
85,2
85,1
4294967278,379
4294967279,572
4294967294,437
4294967278,378
4294967278,374
82,5
82,4
82,3
82,2
82,1
4294967294,1418
4294967278,373
80,5
80,4
80,3
80,2
80,1
78,6
78,5
78,4
78,3
78,2
78,1
77,5
77,4
77,3
77,2
77,1
76,5
76,4
76,3
76,2
76,1
75,5
75,4
75,3
75,2
75,1
73,4
73,3
73,2
73,1
4294967279,564
4294967293,131
4294967293,130
4294967293,129
4294967293,128
4294967293,127
4294967293,126
4294967293,125
4294967293,124
4294967293,123
4294967293,122
4294967293,121
4294967293,120
4294967293,119
4294967293,118
4294967293,117
4294967293,116
4294967293,115
4294967293,114
4294967293,113
4294967293,112
4294967293,111
4294967293,110
4294967293,109
4294967293,108
4294967293,107
4294967293,106
4294967293,105
4294967293,104
4294967293,103
4294967293,102
4294967293,101
4294967293,100
4294967293,99
4294967293,98
4294967293,97
4294967293,96
4294967293,95
4294967293,94
4294967293,93
4294967293,92
4294967293,91
4294967293,90
4294967293,89
4294967293,88
4294967293,87
4294967293,86
4294967293,85
4294967293,84
4294967293,83
4294967293,82
4294967293,81
4294967293,80
4294967293,79
4294967293,78
4294967293,77
4294967293,76
4294967293,75
4294967293,74
4294967293,73
4294967293,72
4294967293,71
4294967293,70
4294967293,69
4294967293,68
4294967293,67
4294967293,66
4294967293,65
4294967293,64
4294967293,63
4294967293,62
4294967293,61
4294967293,60
4294967293,59
4294967293,58
4294967293,57
4294967293,56
4294967293,55
4294967293,54
4294967293,53
4294967293,52
4294967293,51
4294967293,50
4294967293,49
4294967293,48
4294967293,47
4294967293,46
